N: 10000000, val: 0.7, step: 25000

1.1, 1.2
Absolute error: 661457, Relative error: 0.0944939

1.3
Iteration number Absolute error Relative error
   25000   2.67773    0.00015302
   50000   16.8555   0.000481594
   75000   36.3867    0.00069309
  100000   31.2891   0.000446991
  125000   46.8359   0.000535272
  150000   124.961    0.00119011
  175000   203.086    0.00165785
  200000   281.203     0.0020086
  225000   359.328    0.00228146
  250000   437.453    0.00249974
  275000   515.578    0.00267834
  300000   593.703    0.00282717
  325000   671.828     0.0029531
  350000   749.953    0.00306104
  375000   801.781    0.00305441
  400000   489.281    0.00174744
  425000   176.781   0.000594224
  450000   135.719   0.000430854
  475000   448.219    0.00134803
  500000   760.719    0.00217349
  525000   1073.22    0.00292033
  550000   1385.72    0.00359928
  575000   1698.22    0.00421918
  600000   2010.72    0.00478743
  625000   2323.22    0.00531022
  650000   2635.72     0.0057928
  675000   2948.22    0.00623963
  700000   3260.72    0.00665454
  725000   3573.22    0.00704083
  750000   3885.75    0.00740144
  775000   4198.25    0.00773872
  800000   4510.75    0.00805492
  825000   4823.25    0.00835196
  850000   5135.75    0.00863152
  875000   5448.25    0.00889511
  900000   5760.75    0.00914406
  925000   6073.25    0.00937955
  950000   6385.75    0.00960264
  975000   6698.25     0.0098143
 1000000   7010.75     0.0100154
 1025000   7323.25     0.0102066
 1050000   7635.75     0.0103888
 1075000   7948.25     0.0105625
 1100000   8260.75     0.0107283
 1125000   8573.25     0.0108867
 1150000   8885.75     0.0110382
 1175000   9198.25     0.0111833
 1200000   9510.75     0.0113223
 1225000   9823.25     0.0114557
 1250000   10135.8     0.0115837
 1275000   10448.2     0.0117067
 1300000   10760.8      0.011825
 1325000   11073.2     0.0119388
 1350000   11385.8     0.0120484
 1375000   11698.2      0.012154
 1400000   12010.8     0.0122559
 1425000   12323.2     0.0123541
 1450000   12635.8      0.012449
 1475000   12948.2     0.0125407
 1500000   13260.7     0.0126292
 1525000   13086.9     0.0122594
 1550000   11836.9     0.0109096
 1575000   10586.9    0.00960261
 1600000   9336.88     0.0083365
 1625000   8086.88    0.00710935
 1650000   6836.88    0.00591938
 1675000   5586.88    0.00476493
 1700000   4336.88    0.00364443
 1725000   3086.88    0.00255642
 1750000   1836.88    0.00149949
 1775000   586.875   0.000472334
 1800000   663.125    0.00052629
 1825000   1913.12    0.00149755
 1850000   3163.12    0.00244257
 1875000   4413.12    0.00336238
 1900000   5663.12    0.00425799
 1925000   6913.12    0.00513034
 1950000   8163.12    0.00598031
 1975000   9413.12    0.00680877
 2000000   10663.1    0.00761652
 2025000   11913.1    0.00840433
 2050000   13163.1    0.00917291
 2075000   14413.1    0.00992298
 2100000   15663.1     0.0106552
 2125000   16913.1     0.0113702
 2150000   18163.1     0.0120685
 2175000   19413.1     0.0127508
 2200000   20663.1     0.0134176
 2225000   21913.1     0.0140694
 2250000   23163.1     0.0147068
 2275000   24413.1     0.0153301
 2300000   25663.1     0.0159398
 2325000   26913.1     0.0165365
 2350000   28163.1     0.0171204
 2375000   29413.1     0.0176921
 2400000   30663.1     0.0182519
 2425000   31913.1     0.0188001
 2450000   33163.1     0.0193371
 2475000   34413.1     0.0198633
 2500000   35663.1     0.0203789
 2525000   36913.1     0.0208844
 2550000   38163.1     0.0213799
 2575000   39413.1     0.0218658
 2600000   40663.1     0.0223424
 2625000   41913.1     0.0228099
 2650000   43163.1     0.0232685
 2675000   44413.1     0.0237186
 2700000   45663.1     0.0241604
 2725000   46913.1      0.024594
 2750000   48163.1     0.0250198
 2775000   49413.1     0.0254379
 2800000   50663.1     0.0258485
 2825000   51913.1     0.0262519
 2850000   53163.1     0.0266482
 2875000   54413.1     0.0270376
 2900000   55663.1     0.0274203
 2925000     56913     0.0277963
 2950000     58163     0.0281661
 2975000     59413     0.0285297
 3000000     60663     0.0288872
 3025000     61913     0.0292387
 3050000     63163     0.0295846
 3075000     64413     0.0299247
 3100000     65663     0.0302595
 3125000     66913     0.0305888
 3150000     68163     0.0309129
 3175000     69413      0.031232
 3200000     70663      0.031546
 3225000     71913     0.0318552
 3250000     73163     0.0321596
 3275000     74413     0.0324593
 3300000     75663     0.0327546
 3325000     76913     0.0330453
 3350000     78163     0.0333318
 3375000     79413      0.033614
 3400000     80663      0.033892
 3425000     81913      0.034166
 3450000     83163      0.034436
 3475000     84413     0.0347022
 3500000     85663     0.0349645
 3525000     86913     0.0352231
 3550000     88163     0.0354781
 3575000     89413     0.0357295
 3600000     90663     0.0359774
 3625000     91913     0.0362219
 3650000     93163      0.036463
 3675000     94413     0.0367009
 3700000     95663     0.0369355
 3725000     96913      0.037167
 3750000     98163     0.0373954
 3775000     99413     0.0376208
 3800000    100663     0.0378432
 3825000    101913     0.0380628
 3850000    103163     0.0382794
 3875000    104413     0.0384933
 3900000    105663     0.0387044
 3925000    106913     0.0389128
 3950000    108163     0.0391186
 3975000    109413     0.0393218
 4000000    110663     0.0395225
 4025000    111913     0.0397207
 4050000    113163     0.0399164
 4075000    114413     0.0401097
 4100000    115663     0.0403007
 4125000    116913     0.0404894
 4150000    118163     0.0406757
 4175000    119413     0.0408599
 4200000    120663     0.0410418
 4225000    121913     0.0412217
 4250000    123163     0.0413993
 4275000    124413     0.0415749
 4300000    125663     0.0417485
 4325000    126913     0.0419201
 4350000    128163     0.0420897
 4375000    129413     0.0422573
 4400000    130663     0.0424231
 4425000    131913     0.0425869
 4450000    133163      0.042749
 4475000    134413     0.0429092
 4500000    135663     0.0430676
 4525000    136913     0.0432243
 4550000    138163     0.0433793
 4575000    139413     0.0435326
 4600000    140663     0.0436842
 4625000    141913     0.0438341
 4650000    143163     0.0439825
 4675000    144413     0.0441293
 4700000    145663     0.0442745
 4725000    146913     0.0444182
 4750000    148163     0.0445603
 4775000    149413      0.044701
 4800000    150663     0.0448402
 4825000    151913      0.044978
 4850000    153163     0.0451143
 4875000    154413     0.0452492
 4900000    155663     0.0453828
 4925000    156913      0.045515
 4950000    158163     0.0456459
 4975000    159413     0.0457755
 5000000    160663     0.0459037
 5025000    161913     0.0460307
 5050000    163163     0.0461564
 5075000    164413     0.0462809
 5100000    165663     0.0464042
 5125000    166913     0.0465263
 5150000    168163     0.0466472
 5175000    169413     0.0467669
 5200000    170663     0.0468854
 5225000    171913     0.0470029
 5250000    173163     0.0471192
 5275000    174413     0.0472344
 5300000    175663     0.0473485
 5325000    176913     0.0474616
 5350000    178163     0.0475736
 5375000    179413     0.0476845
 5400000    180663     0.0477945
 5425000    181913     0.0479034
 5450000    183163     0.0480113
 5475000    184413     0.0481182
 5500000    185663     0.0482242
 5525000    186913     0.0483292
 5550000    188163     0.0484332
 5575000    189413     0.0485363
 5600000    190663     0.0486385
 5625000    191913     0.0487398
 5650000    193163     0.0488402
 5675000    194413     0.0489397
 5700000    195663     0.0490384
 5725000    193544     0.0482954
 5750000    188544     0.0468432
 5775000    183544     0.0454035
 5800000    178544     0.0439763
 5825000    173544     0.0425613
 5850000    168544     0.0411584
 5875000    163544     0.0397675
 5900000    158544     0.0383883
 5925000    153544     0.0370208
 5950000    148544     0.0356648
 5975000    143544     0.0343201
 6000000    138544     0.0329867
 6025000    133544     0.0316643
 6050000    128544     0.0303528
 6075000    123544     0.0290521
 6100000    118544     0.0277621
 6125000    113544     0.0264826
 6150000    108544     0.0252135
 6175000    103544     0.0239547
 6200000     98544      0.022706
 6225000     93544     0.0214674
 6250000     88544     0.0202386
 6275000     83544     0.0190197
 6300000     78544     0.0178104
 6325000     73544     0.0166107
 6350000     68544     0.0154205
 6375000     63544     0.0142396
 6400000     58544     0.0130679
 6425000     53544     0.0119053
 6450000     48544     0.0107517
 6475000     43544    0.00960706
 6500000     38544    0.00847121
 6525000     33544    0.00734406
 6550000     28544    0.00622552
 6575000     23544    0.00511548
 6600000     18544    0.00401385
 6625000     13544    0.00292054
 6650000      8544    0.00183545
 6675000      3544   0.000758481
 6700000      1456   0.000310448
 6725000      6456    0.00137143
 6750000     11456    0.00242455
 6775000     16456     0.0034699
 6800000     21456    0.00450756
 6825000     26456    0.00553763
 6850000     31456    0.00656017
 6875000     36456    0.00757527
 6900000     41456    0.00858302
 6925000     46456     0.0095835
 6950000     51456     0.0105768
 6975000     56456     0.0115629
 7000000     61456      0.012542
 7025000     66456     0.0135142
 7050000     71456     0.0144794
 7075000     76456     0.0154379
 7100000     81456     0.0163895
 7125000     86456     0.0173345
 7150000     91456     0.0182729
 7175000     96456     0.0192048
 7200000    101456     0.0201302
 7225000    106456     0.0210491
 7250000    111456     0.0219618
 7275000    116456     0.0228681
 7300000    121456     0.0237683
 7325000    126456     0.0246623
 7350000    131456     0.0255502
 7375000    136456     0.0264322
 7400000    141456     0.0273081
 7425000    146456     0.0281782
 7450000    151456     0.0290424
 7475000    156456     0.0299008
 7500000    161456     0.0307535
 7525000    166456     0.0316006
 7550000    171456      0.032442
 7575000    176456     0.0332779
 7600000    181456     0.0341083
 7625000    186456     0.0349332
 7650000    191456     0.0357528
 7675000    196456      0.036567
 7700000    201456     0.0373759
 7725000    206456     0.0381796
 7750000    211456     0.0389781
 7775000    216456     0.0397714
 7800000    221456     0.0405597
 7825000    226456      0.041343
 7850000    231456     0.0421212
 7875000    236456     0.0428945
 7900000    241456     0.0436629
 7925000    246456     0.0444265
 7950000    251456     0.0451853
 7975000    256456     0.0459393
 8000000    261456     0.0466886
 8025000    266456     0.0474332
 8050000    271456     0.0481732
 8075000    276456     0.0489086
 8100000    281456     0.0496395
 8125000    286456     0.0503659
 8150000    291456     0.0510878
 8175000    296456     0.0518053
 8200000    301456     0.0525185
 8225000    306456     0.0532273
 8250000    311456     0.0539318
 8275000    316456      0.054632
 8300000    321456     0.0553281
 8325000    326456     0.0560199
 8350000    331456     0.0567076
 8375000    336456     0.0573912
 8400000    341456     0.0580708
 8425000    346456     0.0587463
 8450000    351456     0.0594178
 8475000    356456     0.0600853
 8500000    361456     0.0607489
 8525000    366456     0.0614086
 8550000    371456     0.0620645
 8575000    376456     0.0627165
 8600000    381456     0.0633648
 8625000    386456     0.0640093
 8650000    391456     0.0646501
 8675000    396456     0.0652871
 8700000    401456     0.0659205
 8725000    406456     0.0665503
 8750000    411456     0.0671765
 8775000    416456     0.0677991
 8800000    421456     0.0684182
 8825000    426456     0.0690338
 8850000    431456     0.0696459
 8875000    436456     0.0702545
 8900000    441456     0.0708597
 8925000    446456     0.0714616
 8950000    451456       0.07206
 8975000    456456     0.0726552
 9000000    461456      0.073247
 9025000    466456     0.0738355
 9050000    471456     0.0744208
 9075000    476456     0.0750029
 9100000    481456     0.0755818
 9125000    486456     0.0761575
 9150000    491456     0.0767301
 9175000    496456     0.0772995
 9200000    501456     0.0778659
 9225000    506456     0.0784291
 9250000    511456     0.0789894
 9275000    516456     0.0795466
 9300000    521456     0.0801008
 9325000    526456      0.080652
 9350000    531456     0.0812003
 9375000    536456     0.0817457
 9400000    541456     0.0822882
 9425000    546456     0.0828277
 9450000    551456     0.0833645
 9475000    556456     0.0838984
 9500000    561456     0.0844295
 9525000    566456     0.0849578
 9550000    571456     0.0854833
 9575000    576456     0.0860061
 9600000    581456     0.0865262
 9625000    586456     0.0870436
 9650000    591456     0.0875583
 9675000    596456     0.0880703
 9700000    601456     0.0885797
 9725000    606456     0.0890865
 9750000    611456     0.0895906
 9775000    616456     0.0900922
 9800000    621456     0.0905913
 9825000    626456     0.0910878
 9850000    631456     0.0915817
 9875000    636456     0.0920732
 9900000    641456     0.0925622
 9925000    646456     0.0930487
 9950000    651456     0.0935328
 9975000    656456     0.0940145
10000000    661456     0.0944937

1.4, 1.5
Absolute error: 0, Relative error: 0

1.6
Iteration summing time: 0.081781 s
Recursive summing time: 0.084772 s

2.1
Absolute error: 0, Relative error: 0

2.3
Kahan summing time: 0.098736 s
Recursive summing time: 0.084772 s
