Zadanie 1, 2
1, 2, 3, 
4, 5, 7, 
6, 8, 9, 

1, 2, 3, 
2, -2, 1, 
3, 1, 8, 

+
2, 4, 6, 
6, 3, 8, 
9, 9, 17, 

*
14, 1, 29, 
35, 5, 73, 
49, 5, 98, 

isSymmetric
1 1
det
7 -19

transpose
1, 4, 6, 
2, 5, 8, 
3, 7, 9, 

1, 2, 3, 
2, -2, 1, 
3, 1, 8, 


Zadanie 3
5, 3, 2, 
1, 2, 0, 
3, 0, 4, 

L:
1, 0, 0, 
0.2, 1, 0, 
0.6, -1.28571, 1, 

U:
5, 3, 2, 
0, 1.4, -0.4, 
0, 0, 2.28571, 

Zadanie 4
4, 12, -16, 
12, 37, -43, 
-16, -43, 98, 

L:
2, 0, 0, 
6, 1, 0, 
-8, 5, 3, 

Lt:
2, 6, -8, 
0, 1, 5, 
0, 0, 3, 

