3.1, 3.2
Iterative sum: 
float
   N                                                 FORWARD                                                BACKWARD
  50                                                     0.5                                                     0.5
 100                                                     0.5                                                     0.5
 200                                                     0.5                                                     0.5
 500                                                     0.5                                                     0.5
 800                                                     0.5                                                     0.5
double
   N                                                 FORWARD                                                BACKWARD
  50   0.499999999999999555910790149937383830547332763671875   0.499999999999999555910790149937383830547332763671875
 100                                                     0.5                                                     0.5
 200                                                     0.5                                                     0.5
 500                                                     0.5                                                     0.5
 800                                                     0.5                                                     0.5

3.4
Kahan sum: 
float
   N                                                kahanSum
  50                                                     0.5
 100                                                     0.5
 200                                                     0.5
 500                                                     0.5
 800                                                     0.5
double
   N                                                kahanSum
  50   0.499999999999999555910790149937383830547332763671875
 100                                                     0.5
 200                                                     0.5
 500                                                     0.5
 800                                                     0.5
